1 0.933215 0.371075 0.297640
2 0.814019 0.409220 0.339668
3 0.736222 0.449127 0.385588
4 0.681053 0.465399 0.396819
5 0.611430 0.495193 0.423512
6 0.559346 0.521599 0.448190
7 0.536401 0.546505 0.471699
8 0.500147 0.570374 0.495979
9 0.470125 0.599389 0.525458
10 0.453349 0.605769 0.532584
11 0.449314 0.626805 0.552768
12 0.436568 0.630686 0.556999
13 0.396590 0.658257 0.585674
14 0.393433 0.661806 0.589678
15 0.355882 0.689320 0.617708
16 0.331087 0.703670 0.633122
17 0.312931 0.718678 0.649041
18 0.294755 0.733768 0.665084
19 0.438027 0.652516 0.580019
20 0.464469 0.631108 0.556788
21 0.379411 0.678872 0.606429
22 0.328382 0.712659 0.641684
23 0.326753 0.720673 0.650278
24 0.292120 0.745957 0.677167
25 0.273769 0.755112 0.687523
26 0.256118 0.772070 0.705963
27 0.248568 0.773140 0.707538
28 0.239843 0.781226 0.716398
29 0.227467 0.791917 0.728558
30 0.214348 0.804223 0.741917
31 0.208630 0.806791 0.745515
32 0.204620 0.808190 0.747057
33 0.207328 0.810302 0.748788
34 0.200039 0.815436 0.754526
35 0.185811 0.829371 0.770483
36 0.181979 0.828220 0.769806
37 0.177118 0.829494 0.771568
38 0.171476 0.837557 0.780588
39 0.164642 0.843004 0.786958
40 0.159696 0.848809 0.793446
41 0.170014 0.838826 0.781718
42 0.163006 0.847078 0.791143
43 0.151018 0.856068 0.801956
44 0.150464 0.857509 0.803603
45 0.147112 0.859942 0.806672
46 0.144942 0.859383 0.806453
47 0.137307 0.866666 0.815210
48 0.135097 0.866350 0.815412
49 0.134293 0.871553 0.820722
50 0.130288 0.877316 0.826985
51 0.128421 0.876355 0.826729
52 0.129194 0.876818 0.827101
53 0.135197 0.865605 0.814570
54 0.126592 0.880591 0.831240
55 0.127886 0.874636 0.825039
56 0.126915 0.878895 0.829372
57 0.122551 0.878213 0.829699
58 0.122468 0.881689 0.833370
59 0.116396 0.888132 0.840959
60 0.112028 0.892715 0.846535
61 0.112380 0.892767 0.846601
62 0.113776 0.888437 0.841913
63 0.110368 0.892209 0.846468
64 0.118461 0.881292 0.834129
65 0.117396 0.879178 0.831769
66 0.115942 0.888352 0.841418
67 0.136136 0.859615 0.808580
68 0.121339 0.878444 0.829922
69 0.111461 0.890810 0.844761
70 0.102373 0.903703 0.860026
71 0.101677 0.903048 0.859548
72 0.108414 0.890787 0.845632
73 0.100746 0.904071 0.860899
74 0.099611 0.901460 0.858494
75 0.096943 0.906585 0.864343
76 0.103189 0.895222 0.851456
77 0.106090 0.889829 0.845097
78 0.097298 0.903607 0.861150
79 0.091095 0.916023 0.875476
80 0.091375 0.909411 0.868783
81 0.091290 0.912924 0.872262
82 0.088697 0.916357 0.876492
83 0.091324 0.910119 0.869504
84 0.091021 0.909556 0.869039
85 0.087491 0.915491 0.875746
86 0.087306 0.911367 0.871947
87 0.093580 0.907149 0.865967
88 0.105641 0.884136 0.839592
89 0.104340 0.887275 0.843015
90 0.091626 0.906848 0.865940
91 0.094202 0.900072 0.858549
92 0.091227 0.905076 0.864324
93 0.091665 0.906669 0.866231
94 0.110201 0.884016 0.838695
95 0.095294 0.897555 0.855684
96 0.086397 0.916692 0.877383
97 0.080478 0.926308 0.888837
98 0.077687 0.930471 0.893838
99 0.078574 0.923361 0.886368
100 0.080653 0.919762 0.882356
101 0.085073 0.907244 0.868434
102 0.082393 0.917554 0.879474
103 0.078174 0.925720 0.888917
104 0.079588 0.919669 0.882306
105 0.076760 0.923401 0.887090
106 0.076724 0.923977 0.887819
107 0.076336 0.921718 0.885511
108 0.074608 0.928672 0.893061
109 0.085344 0.902650 0.863739
110 0.088454 0.897357 0.857324
111 0.108137 0.878551 0.833748
112 0.118999 0.869612 0.822550
113 0.135312 0.851129 0.799678
114 0.108230 0.880341 0.834956
115 0.084034 0.918276 0.879646
116 0.077068 0.930212 0.893863
117 0.073371 0.931630 0.896356
118 0.071214 0.934179 0.899685
119 0.069986 0.937229 0.903067
120 0.069412 0.934850 0.900967
121 0.068987 0.934633 0.900862
122 0.069149 0.932456 0.898627
123 0.069136 0.930021 0.896161
124 0.067748 0.932303 0.898911
125 0.068117 0.933300 0.900025
126 0.080337 0.909520 0.872346
127 0.071989 0.924777 0.889866
128 0.067843 0.931284 0.897948
129 0.068643 0.930391 0.896658
130 0.068230 0.930802 0.897293
131 0.067773 0.932711 0.899464
132 0.066399 0.932946 0.900000
133 0.064117 0.938474 0.906211
134 0.064953 0.932550 0.900094
135 0.066124 0.933082 0.900335
136 0.067012 0.928461 0.895243
137 0.073016 0.916292 0.881171
138 0.156506 0.826183 0.774271
139 0.196982 0.796850 0.735543
140 0.123462 0.866146 0.817250
141 0.092134 0.907840 0.866874
142 0.077523 0.924544 0.887893
143 0.070314 0.934319 0.900099
144 0.066112 0.940774 0.907888
145 0.064652 0.941825 0.909540
146 0.065320 0.936880 0.904414
147 0.066537 0.931860 0.898949
148 0.060683 0.947316 0.916349
149 0.060188 0.944258 0.913440
150 0.064969 0.930690 0.898944
151 0.087524 0.893148 0.853950
152 0.090863 0.889056 0.848590
153 0.074934 0.918494 0.882596
154 0.064319 0.938102 0.905755
155 0.062244 0.941003 0.909604
156 0.060475 0.942891 0.911986
157 0.058964 0.944239 0.913879
158 0.058153 0.946232 0.916222
159 0.057570 0.947196 0.917463
160 0.058576 0.942644 0.912463
161 0.056932 0.946560 0.916960
162 0.055916 0.949048 0.919832
163 0.058694 0.940323 0.910106
164 0.057634 0.939642 0.909820
165 0.058532 0.939018 0.908909
166 0.059328 0.934621 0.904010
167 0.061328 0.932959 0.901830
168 0.067987 0.920709 0.887432
169 0.134249 0.848692 0.801067
170 0.215343 0.780311 0.716767
171 0.127049 0.865289 0.815532
172 0.091777 0.904379 0.863407
173 0.073878 0.923789 0.888305
174 0.067417 0.935175 0.901704
175 0.062369 0.945009 0.913473
176 0.060139 0.943791 0.912966
177 0.058944 0.943585 0.913194
178 0.056559 0.948257 0.918743
179 0.055966 0.949940 0.920695
180 0.054611 0.949272 0.920480
181 0.054049 0.949364 0.920793
182 0.055165 0.945561 0.916688
183 0.065641 0.927356 0.895115
184 0.064322 0.931363 0.899147
185 0.059880 0.939852 0.909223
186 0.056282 0.945380 0.916035
187 0.053162 0.951585 0.923370
188 0.052263 0.952625 0.924708
189 0.051692 0.953367 0.925768
190 0.051579 0.952582 0.924995
191 0.051261 0.952642 0.925237
192 0.051477 0.951509 0.923945
193 0.051811 0.950651 0.923005
194 0.051209 0.948200 0.920725
195 0.052338 0.947492 0.919670
196 0.060182 0.926414 0.895683
197 0.068974 0.915572 0.881683
198 0.107137 0.866624 0.823739
199 0.183721 0.797733 0.738888
200 0.140199 0.844016 0.792140
201 0.087946 0.906038 0.866055
202 0.070059 0.928755 0.894446
203 0.061204 0.943919 0.912602
204 0.056894 0.949327 0.919669
205 0.055047 0.950580 0.921593
206 0.052975 0.954155 0.925945
207 0.053472 0.952357 0.924176
208 0.051954 0.952907 0.925082
209 0.050654 0.954174 0.926974
210 0.051047 0.953174 0.925841
211 0.050343 0.953077 0.925911
212 0.049778 0.952904 0.926058
213 0.050300 0.954473 0.927343
214 0.048940 0.953714 0.927186
215 0.048649 0.953603 0.927146
216 0.049051 0.951409 0.924881
217 0.048418 0.955250 0.928826
218 0.048483 0.952656 0.926257
219 0.048403 0.952589 0.926171
220 0.049044 0.950744 0.924179
221 0.050134 0.946530 0.919542
222 0.053676 0.937557 0.909277
223 0.053436 0.938862 0.910534
224 0.063876 0.920455 0.888913
225 0.165042 0.812085 0.757022
226 0.162727 0.824654 0.768718
227 0.117234 0.873044 0.826430
228 0.095494 0.895678 0.853933
229 0.078682 0.915457 0.878665
230 0.066639 0.933435 0.900273
231 0.056908 0.950386 0.920710
232 0.053432 0.953042 0.924653
233 0.051455 0.955124 0.927519
234 0.050231 0.955879 0.928853
235 0.049171 0.957361 0.930604
236 0.048368 0.958018 0.931664
237 0.048196 0.957163 0.930955
238 0.048233 0.957151 0.930822
239 0.046835 0.959500 0.933777
240 0.046650 0.957692 0.931985
241 0.046421 0.957703 0.932071
242 0.046210 0.955912 0.930415
243 0.046032 0.957789 0.932469
244 0.045585 0.957257 0.932134
245 0.047538 0.952076 0.926130
246 0.046447 0.954641 0.929144
247 0.049458 0.946066 0.919311
248 0.048346 0.950001 0.923682
249 0.052355 0.939090 0.911074
250 0.051026 0.943586 0.916130
251 0.051230 0.943985 0.916664
252 0.073204 0.909468 0.875604
253 0.190763 0.795316 0.736208
254 0.154690 0.832084 0.777640
255 0.141453 0.850034 0.798254
256 0.128418 0.862123 0.812908
257 0.087112 0.905225 0.865588
258 0.066807 0.935677 0.902389
259 0.059359 0.947586 0.917078
260 0.055866 0.950240 0.920961
261 0.052647 0.951936 0.923889
262 0.051295 0.952634 0.925138
263 0.050388 0.953830 0.926622
264 0.049949 0.952771 0.925889
265 0.048305 0.957179 0.930931
266 0.048689 0.955160 0.928629
267 0.046981 0.958016 0.932190
268 0.046353 0.957377 0.931843
269 0.045891 0.957462 0.932133
270 0.045655 0.958614 0.933431
271 0.045124 0.957201 0.932150
272 0.044746 0.958819 0.933994
273 0.044360 0.958044 0.933304
274 0.046732 0.955148 0.929658
275 0.054117 0.938589 0.910230
276 0.049108 0.949811 0.923150
277 0.045784 0.955419 0.930093
278 0.044652 0.955289 0.930456
279 0.043157 0.961939 0.937743
280 0.043665 0.957880 0.933423
281 0.043461 0.959756 0.935420
282 0.044988 0.957194 0.932424
283 0.107689 0.869915 0.828492
284 0.198683 0.796566 0.735305
285 0.121717 0.864069 0.815518
286 0.083182 0.910394 0.871904
287 0.062061 0.939091 0.907402
288 0.055257 0.947586 0.918533
289 0.051174 0.953526 0.926015
290 0.049386 0.953722 0.926973
291 0.047529 0.955754 0.929695
292 0.046480 0.957806 0.932242
293 0.045484 0.957837 0.932661
294 0.044835 0.960242 0.935311
295 0.044631 0.958800 0.933972
296 0.044938 0.958160 0.933229
297 0.045323 0.957003 0.932129
298 0.048892 0.944962 0.918471
299 0.045627 0.953188 0.927845
300 0.044969 0.958685 0.933751
301 0.044564 0.955302 0.930441
302 0.042827 0.959670 0.935555
303 0.043940 0.957547 0.933025
304 0.042831 0.960750 0.936619
305 0.042856 0.961267 0.937170
306 0.044219 0.955760 0.931332
307 0.048591 0.940773 0.914342
308 0.062576 0.918123 0.887045
309 0.133235 0.841681 0.793320
310 0.164236 0.819581 0.763370
311 0.101199 0.887957 0.844603
312 0.069735 0.925907 0.891663
313 0.058620 0.942232 0.911887
314 0.052372 0.951581 0.923636
315 0.048545 0.956574 0.930073
316 0.046957 0.958365 0.932584
317 0.045310 0.960991 0.935868
318 0.044027 0.963224 0.938610
319 0.043325 0.960847 0.936462
320 0.042951 0.961810 0.937755
321 0.042912 0.960415 0.936270
322 0.041899 0.960486 0.936790
323 0.041549 0.964024 0.940509
324 0.041346 0.963708 0.940234
325 0.041576 0.959393 0.935867
326 0.043048 0.956572 0.932406
327 0.040971 0.962031 0.938710
328 0.041428 0.958966 0.935516
329 0.042438 0.956999 0.933083
330 0.041209 0.959953 0.936568
331 0.040241 0.963780 0.940820
332 0.040176 0.960777 0.937903
333 0.041679 0.956085 0.932472
334 0.042038 0.955148 0.931358
335 0.055183 0.934654 0.907505
336 0.286281 0.722272 0.653276
337 0.183504 0.818151 0.758910
338 0.106397 0.883599 0.838614
339 0.077266 0.919280 0.882560
340 0.063241 0.935474 0.903476
341 0.058275 0.940088 0.909869
342 0.052878 0.949860 0.921741
343 0.050664 0.949637 0.922386
344 0.047807 0.956214 0.930150
345 0.046769 0.953834 0.928143
346 0.045220 0.957990 0.932931
347 0.043724 0.959815 0.935361
348 0.043038 0.960074 0.935946
349 0.041960 0.962765 0.939064
350 0.042403 0.959324 0.935462
351 0.042114 0.961049 0.937260
352 0.040960 0.962186 0.938907
353 0.041147 0.963403 0.940082
354 0.041923 0.954425 0.930683
355 0.042260 0.958981 0.935224
356 0.050357 0.938086 0.911609
357 0.101066 0.872315 0.830639
358 0.148315 0.832719 0.779974
359 0.098355 0.886557 0.843984
360 0.071037 0.921243 0.886598
361 0.056184 0.941776 0.912271
362 0.049992 0.952533 0.925482
363 0.046046 0.957222 0.931744
364 0.044922 0.959424 0.934453
365 0.044016 0.960392 0.935824
366 0.042531 0.962366 0.938329
367 0.041541 0.963284 0.939740
368 0.040475 0.964107 0.941018
369 0.040238 0.963757 0.940782
370 0.039580 0.965570 0.942849
371 0.039182 0.965120 0.942581
372 0.039242 0.963177 0.940615
373 0.040158 0.961428 0.938585
374 0.040756 0.961101 0.937957
375 0.047135 0.943191 0.917541
376 0.056449 0.925398 0.895915
377 0.059364 0.928461 0.898402
378 0.130692 0.850976 0.804589
379 0.144495 0.836738 0.784408
380 0.090971 0.890822 0.850534
381 0.063477 0.932796 0.900660
382 0.051701 0.949679 0.921945
383 0.047074 0.956374 0.930524
384 0.044355 0.960164 0.935392
385 0.043321 0.962011 0.937787
386 0.042164 0.964742 0.940908
387 0.041391 0.962638 0.939093
388 0.041242 0.963415 0.940049
389 0.040251 0.965383 0.942379
390 0.039292 0.966460 0.943873
391 0.039432 0.964474 0.941807
392 0.038634 0.966377 0.944133
393 0.038378 0.964487 0.942322
394 0.037219 0.969394 0.947739
395 0.038435 0.963454 0.941214
396 0.038698 0.962500 0.940198
397 0.037720 0.966605 0.944696
398 0.037876 0.963026 0.941070
399 0.037443 0.964544 0.942804
400 0.037534 0.963624 0.941803
401 0.038366 0.963855 0.941782
402 0.040623 0.955969 0.932841
403 0.055098 0.933326 0.906600
404 0.266686 0.744997 0.677978
405 0.155995 0.838613 0.783740
406 0.091872 0.898303 0.857140
407 0.068230 0.930669 0.896995
408 0.056671 0.944875 0.915225
409 0.050538 0.953681 0.926502
410 0.047159 0.956996 0.931159
411 0.045282 0.956786 0.931657
412 0.043549 0.960803 0.936451
413 0.042253 0.960605 0.936706
414 0.040929 0.962060 0.938764
415 0.040394 0.963966 0.940856
416 0.040321 0.963254 0.940270
417 0.039032 0.966178 0.943713
418 0.038842 0.965358 0.943037
419 0.038325 0.964403 0.942264
420 0.038401 0.964299 0.942170
421 0.038410 0.964285 0.941965
422 0.038727 0.962472 0.940176
423 0.038057 0.965469 0.943445
424 0.037601 0.965902 0.944078
425 0.037286 0.965853 0.944153
426 0.038755 0.960168 0.937902
427 0.038296 0.962440 0.940258
428 0.037471 0.964125 0.942358
429 0.038847 0.957910 0.935448
430 0.039673 0.959459 0.936710
431 0.038706 0.960070 0.937681
432 0.038124 0.963217 0.941191
433 0.041069 0.953621 0.930384
434 0.090865 0.892388 0.856847
435 0.274948 0.743990 0.674946
436 0.148959 0.838790 0.785099
437 0.092342 0.902609 0.861655
438 0.065998 0.930270 0.897159
439 0.055540 0.945294 0.916178
440 0.049589 0.953001 0.926149
441 0.046292 0.957542 0.932082
442 0.043982 0.959870 0.935281
443 0.042283 0.960285 0.936440
444 0.041303 0.962308 0.938833
445 0.040385 0.963767 0.940665
446 0.039595 0.963904 0.941246
447 0.039031 0.962963 0.940446
448 0.038125 0.966007 0.943923
449 0.037457 0.966417 0.944643
450 0.037233 0.967223 0.945608
451 0.037244 0.965497 0.943826
452 0.037464 0.964464 0.942605
453 0.038236 0.962871 0.940837
454 0.037315 0.964538 0.942860
455 0.036624 0.966384 0.944958
456 0.036877 0.963042 0.941501
457 0.036115 0.965173 0.943985
458 0.035362 0.968077 0.947225
459 0.035191 0.968956 0.948234
460 0.036882 0.962021 0.940521
461 0.036771 0.961785 0.940336
462 0.035337 0.966518 0.945648
463 0.035048 0.968912 0.948237
464 0.034852 0.967867 0.947222
465 0.036663 0.960145 0.938803
466 0.195032 0.797785 0.742403
467 0.200925 0.794211 0.733075
468 0.114715 0.875356 0.828677
469 0.082191 0.910869 0.872774
470 0.071531 0.920810 0.886480
471 0.062338 0.935266 0.903679
472 0.051989 0.949720 0.921909
473 0.046969 0.956179 0.930354
474 0.044132 0.957904 0.933192
475 0.042544 0.960600 0.936610
476 0.040442 0.963414 0.940363
477 0.039559 0.965775 0.943068
478 0.040966 0.959545 0.936357
479 0.039407 0.961263 0.938582
480 0.038237 0.963606 0.941537
481 0.036700 0.968693 0.947285
482 0.036082 0.968340 0.947161
483 0.035704 0.968041 0.947041
484 0.035563 0.969226 0.948288
485 0.035787 0.964449 0.943421
486 0.036055 0.965289 0.944170
487 0.036889 0.962017 0.940496
488 0.036801 0.963402 0.941940
489 0.036578 0.962924 0.941563
490 0.036119 0.962115 0.940854
491 0.034686 0.968883 0.948337
492 0.034942 0.967513 0.946862
493 0.034854 0.965886 0.945283
494 0.035258 0.964843 0.944134
495 0.036261 0.960692 0.939461
496 0.125564 0.862021 0.821174
497 0.237201 0.770470 0.704844
498 0.133435 0.855512 0.805027
499 0.084316 0.910399 0.871493
500 0.062956 0.935239 0.903327
501 0.052772 0.948794 0.920685
502 0.047368 0.956212 0.930239
503 0.044740 0.956724 0.931814
504 0.042230 0.961610 0.937883
505 0.040267 0.963842 0.940834
506 0.039110 0.965972 0.943496
507 0.037739 0.967812 0.945893
508 0.037208 0.966428 0.944723
509 0.037130 0.967181 0.945577
510 0.036068 0.966816 0.945624
511 0.035732 0.968260 0.947325
512 0.035118 0.969389 0.948627
513 0.035281 0.966566 0.945718
514 0.035389 0.967206 0.946383
515 0.035589 0.966947 0.946021
516 0.035068 0.966718 0.945934
517 0.036477 0.961629 0.940332
518 0.036180 0.962809 0.941547
519 0.035399 0.964414 0.943596
520 0.036974 0.960965 0.939439
521 0.090471 0.891676 0.855765
522 0.185477 0.801850 0.742557
523 0.118127 0.870234 0.823415
524 0.075177 0.914012 0.878302
525 0.057148 0.936917 0.907263
526 0.048408 0.951088 0.924699
527 0.043755 0.959813 0.935265
528 0.040260 0.964533 0.941523
529 0.038712 0.966526 0.944205
530 0.037223 0.968127 0.946432
531 0.036920 0.968039 0.946521
532 0.035678 0.970323 0.949378
533 0.035512 0.968406 0.947491
534 0.034666 0.968502 0.947970
535 0.034519 0.969887 0.949453
536 0.033989 0.971418 0.951150
537 0.033753 0.970302 0.950194
538 0.033543 0.969883 0.949857
539 0.033429 0.970899 0.951003
540 0.032835 0.972251 0.952521
541 0.033528 0.965668 0.945683
542 0.033550 0.968900 0.948878
543 0.032623 0.970994 0.951443
544 0.032458 0.971892 0.952384
545 0.033056 0.968213 0.948420
546 0.033097 0.968282 0.948487
547 0.033223 0.967523 0.947734
548 0.032309 0.969682 0.950256
549 0.032041 0.969450 0.950155
550 0.033321 0.966278 0.946439
551 0.033436 0.965792 0.945888
552 0.043531 0.943965 0.920305
553 0.191178 0.791648 0.735242
554 0.192709 0.806145 0.746183
555 0.108577 0.876895 0.831600
556 0.075447 0.918548 0.882408
557 0.057309 0.941875 0.911960
558 0.048686 0.954388 0.927849
559 0.044529 0.957964 0.933133
560 0.041879 0.960900 0.937159
561 0.040024 0.963532 0.940610
562 0.039077 0.962040 0.939535
563 0.037470 0.967875 0.946119
564 0.036413 0.968130 0.946840
565 0.036047 0.966706 0.945558
566 0.034432 0.971616 0.951148
567 0.033916 0.971488 0.951302
568 0.033541 0.969301 0.949294
569 0.033303 0.971186 0.951264
570 0.032973 0.970477 0.950753
571 0.032526 0.972333 0.952825
572 0.032712 0.971158 0.951587
573 0.032995 0.969661 0.949932
574 0.032515 0.971431 0.951860
575 0.032523 0.971332 0.951904
576 0.035244 0.960867 0.940128
577 0.036924 0.956580 0.935150
578 0.049581 0.932184 0.905797
579 0.124378 0.847374 0.801107
580 0.148575 0.833420 0.780465
581 0.093785 0.890002 0.849168
582 0.062868 0.931087 0.899160
583 0.049470 0.951494 0.924673
584 0.043433 0.958843 0.934393
585 0.039970 0.966568 0.943645
586 0.037919 0.967545 0.945549
587 0.036811 0.969659 0.948162
588 0.035043 0.971186 0.950433
589 0.034245 0.970927 0.950587
590 0.033452 0.971998 0.951970
591 0.032979 0.971141 0.951370
592 0.033510 0.969135 0.949160
593 0.033010 0.972813 0.953092
594 0.032156 0.971742 0.952314
595 0.031901 0.972217 0.953018
596 0.031543 0.972101 0.953013
597 0.031498 0.972408 0.953371
598 0.031818 0.970095 0.950976
599 0.031303 0.972545 0.953585
600 0.031084 0.971827 0.953023
601 0.031403 0.970461 0.951485
602 0.030770 0.971622 0.952962
603 0.030261 0.973474 0.955017
604 0.029734 0.974941 0.956765
605 0.030098 0.971961 0.953611
606 0.030130 0.972643 0.954297
607 0.032769 0.965085 0.945636
608 0.129642 0.855990 0.812170
609 0.202177 0.789297 0.728040
610 0.110787 0.879094 0.833723
611 0.095422 0.892342 0.851919
612 0.093298 0.891812 0.851350
613 0.062841 0.934280 0.902572
614 0.050755 0.951223 0.923915
615 0.044863 0.960919 0.936041
616 0.041616 0.965368 0.941788
617 0.039328 0.966670 0.944166
618 0.038062 0.966807 0.944783
619 0.036689 0.967700 0.946265
620 0.035158 0.969684 0.948944
621 0.034690 0.969590 0.949071
622 0.034185 0.969279 0.948997
623 0.033461 0.972477 0.952557
624 0.032915 0.971412 0.951660
625 0.032391 0.972411 0.952946
626 0.031897 0.972555 0.953334
627 0.032032 0.971251 0.951937
628 0.031305 0.971899 0.952909
629 0.030921 0.973049 0.954267
630 0.030685 0.972241 0.953591
631 0.030573 0.970896 0.952260
632 0.030914 0.969374 0.950627
633 0.031791 0.966961 0.947818
634 0.030614 0.972759 0.954138
635 0.030494 0.972251 0.953776
636 0.031490 0.968638 0.949704
637 0.034975 0.960531 0.940388
638 0.100707 0.875148 0.836216
639 0.172715 0.810562 0.753991
640 0.118328 0.866036 0.819050
641 0.073506 0.916982 0.881822
642 0.053956 0.944093 0.915485
643 0.044493 0.959456 0.934639
644 0.040458 0.962749 0.939592
645 0.037957 0.966278 0.944309
646 0.036541 0.967222 0.945830
647 0.036654 0.965163 0.943820
648 0.034414 0.969222 0.948788
649 0.033047 0.971971 0.952158
650 0.032595 0.971541 0.951999
651 0.032221 0.970351 0.950887
652 0.032479 0.969680 0.950187
653 0.031938 0.972353 0.953101
654 0.031042 0.973179 0.954372
655 0.030328 0.973842 0.955346
656 0.030155 0.973288 0.954860
657 0.030001 0.972923 0.954624
658 0.029424 0.974549 0.956499
659 0.028888 0.976048 0.958241
660 0.029815 0.969822 0.951578
661 0.031049 0.968676 0.949879
662 0.029843 0.972986 0.954760
663 0.029213 0.973865 0.955918
664 0.029040 0.973787 0.955928
665 0.029847 0.971876 0.953639
666 0.028941 0.975029 0.957208
667 0.028284 0.973624 0.956135
668 0.029358 0.971128 0.953187
669 0.030066 0.970156 0.951871
670 0.034570 0.959148 0.938905
671 0.116534 0.868028 0.827690
672 0.232471 0.766355 0.701350
673 0.136468 0.854005 0.803114
674 0.083512 0.910516 0.872205
675 0.061493 0.936203 0.904879
676 0.051193 0.950173 0.922825
677 0.045147 0.958435 0.933457
678 0.041629 0.961245 0.937663
679 0.039307 0.963781 0.941161
680 0.037114 0.967940 0.946337
681 0.036106 0.968368 0.947243
682 0.034608 0.969815 0.949357
683 0.033576 0.971485 0.951463
684 0.032686 0.971405 0.951795
685 0.033473 0.971049 0.951273
686 0.033469 0.965314 0.945345
687 0.031898 0.971592 0.952356
688 0.030993 0.972460 0.953657
689 0.030236 0.975270 0.956840
690 0.030296 0.973653 0.955121
691 0.029407 0.975211 0.957126
692 0.029298 0.973901 0.955922
693 0.028938 0.975728 0.957923
694 0.028253 0.975609 0.958123
695 0.029262 0.972185 0.954184
696 0.028806 0.973933 0.956146
697 0.028865 0.973519 0.955802
698 0.028989 0.973901 0.956054
699 0.029009 0.971133 0.953279
700 0.029471 0.970562 0.952496
701 0.029760 0.970090 0.951842
702 0.030587 0.968979 0.950636
703 0.089302 0.883869 0.847817
704 0.236673 0.769624 0.705320
705 0.145783 0.843790 0.791565
706 0.090253 0.901398 0.861261
707 0.065100 0.932150 0.899471
708 0.051647 0.949270 0.921562
709 0.045467 0.955966 0.930644
710 0.041527 0.962211 0.938616
711 0.038944 0.965300 0.942887
712 0.037199 0.967050 0.945338
713 0.035457 0.970216 0.949312
714 0.034795 0.967567 0.946957
715 0.032952 0.971433 0.951731
716 0.032215 0.972038 0.952634
717 0.031595 0.973705 0.954550
718 0.030784 0.973295 0.954572
719 0.030756 0.972395 0.953727
720 0.031125 0.971345 0.952493
721 0.030460 0.972212 0.953619
722 0.029981 0.972982 0.954692
723 0.028927 0.975068 0.957257
724 0.028368 0.975888 0.958325
725 0.028804 0.972844 0.955056
726 0.029100 0.973160 0.955303
727 0.028557 0.974602 0.956991
728 0.028197 0.974946 0.957468
729 0.028893 0.971864 0.954081
730 0.029680 0.969228 0.951154
731 0.038965 0.943131 0.920888
732 0.083085 0.898760 0.863829
733 0.228137 0.770813 0.706894
734 0.136621 0.850916 0.800674
735 0.079926 0.914082 0.876784
736 0.059266 0.940318 0.909780
737 0.050401 0.952443 0.925370
738 0.044367 0.960196 0.935561
739 0.040765 0.963254 0.940069
740 0.038068 0.966664 0.944726
741 0.036398 0.968134 0.946884
742 0.035109 0.969310 0.948610
743 0.034597 0.968609 0.948188
744 0.033420 0.970699 0.950775
745 0.032239 0.972681 0.953286
746 0.031648 0.971535 0.952423
747 0.030967 0.972260 0.953472
748 0.030480 0.973621 0.955029
749 0.030260 0.974080 0.955693
750 0.029968 0.971555 0.953243
751 0.034131 0.965305 0.945965
752 0.077753 0.894050 0.859264
753 0.093085 0.882489 0.842521
754 0.061015 0.928136 0.897279
755 0.046836 0.950321 0.924690
756 0.039647 0.962939 0.940228
757 0.034801 0.970080 0.949461
758 0.032884 0.971100 0.951307
759 0.031574 0.973807 0.954678
760 0.030791 0.974244 0.955465
761 0.029925 0.975577 0.957215
762 0.029097 0.975521 0.957610
763 0.029569 0.974779 0.956620
764 0.028381 0.976262 0.958673
765 0.028533 0.976036 0.958349
766 0.027852 0.976903 0.959552
767 0.027922 0.976635 0.959333
768 0.027165 0.976628 0.959617
769 0.026821 0.977680 0.960887
770 0.027019 0.976170 0.959249
771 0.026759 0.977931 0.961129
772 0.027001 0.976453 0.959603
773 0.026742 0.977097 0.960366
774 0.027107 0.975340 0.958456
775 0.027597 0.974019 0.956877
776 0.027855 0.973703 0.956439
777 0.026797 0.974937 0.958175
778 0.026786 0.975958 0.959194
779 0.026784 0.974632 0.957886
780 0.028166 0.970643 0.953258
781 0.062176 0.916437 0.887152
782 0.193988 0.796011 0.737208
783 0.143220 0.847565 0.796499
784 0.090163 0.900297 0.860638
785 0.061013 0.937873 0.906781
786 0.047695 0.955664 0.929409
787 0.041321 0.964103 0.940617
788 0.038152 0.965629 0.943501
789 0.035746 0.969450 0.948395
790 0.033958 0.971738 0.951522
791 0.032666 0.973036 0.953380
792 0.031486 0.973983 0.954876
793 0.030361 0.973937 0.955404
794 0.029980 0.972684 0.954282
795 0.029177 0.974871 0.956900
796 0.028958 0.975441 0.957593
797 0.028690 0.976244 0.958517
798 0.028718 0.973394 0.955669
799 0.028158 0.976004 0.958533
800 0.027815 0.976071 0.958741
801 0.027485 0.974293 0.957163
802 0.026526 0.977627 0.960962
803 0.026566 0.976637 0.959965
804 0.026566 0.976569 0.959917
805 0.026446 0.976501 0.959906
806 0.026084 0.976433 0.960021
807 0.025884 0.977638 0.961294
808 0.025633 0.975895 0.959722
809 0.025753 0.977291 0.961053
810 0.025967 0.976165 0.959825
811 0.025859 0.976983 0.960742
812 0.026358 0.977077 0.960604
813 0.026184 0.976422 0.959984
814 0.025601 0.976811 0.960711
815 0.026214 0.974466 0.958002
816 0.026681 0.973016 0.956411
817 0.028923 0.968200 0.950440
818 0.105954 0.870553 0.830488
819 0.247552 0.757589 0.692147
820 0.133583 0.857862 0.808198
821 0.084820 0.904862 0.866289
822 0.060671 0.939809 0.908844
823 0.049582 0.953996 0.927254
824 0.043324 0.961799 0.937444
825 0.039717 0.966056 0.943332
826 0.037451 0.967002 0.945264
827 0.034886 0.971391 0.950766
828 0.033730 0.969200 0.949105
829 0.032748 0.970273 0.950657
830 0.031637 0.973885 0.954785
831 0.030823 0.973751 0.954988
832 0.030434 0.971980 0.953432
833 0.029190 0.974967 0.956952
834 0.028586 0.976023 0.958399
835 0.028297 0.975915 0.958388
836 0.027761 0.976055 0.958809
837 0.027601 0.974232 0.957045
838 0.026815 0.977300 0.960518
839 0.027046 0.975179 0.958278
840 0.026882 0.974779 0.957993
841 0.026031 0.978876 0.962477
842 0.025702 0.977869 0.961644
843 0.025592 0.977777 0.961604
844 0.025697 0.977222 0.961041
845 0.026015 0.975199 0.958824
846 0.025988 0.975093 0.958780
847 0.025765 0.975507 0.959305
848 0.025743 0.975552 0.959298
849 0.026059 0.975080 0.958693
850 0.028334 0.970986 0.953676
851 0.036811 0.952492 0.931493
852 0.138518 0.837553 0.788911
853 0.130591 0.848648 0.799758
854 0.083234 0.902776 0.865144
855 0.059755 0.935901 0.905285
856 0.045727 0.958313 0.932959
857 0.038493 0.968169 0.945807
858 0.034878 0.971411 0.950784
859 0.032646 0.973833 0.954136
860 0.031090 0.974898 0.955963
861 0.029408 0.976119 0.958010
862 0.028800 0.975222 0.957414
863 0.028051 0.976872 0.959403
864 0.027248 0.977891 0.960865
865 0.026731 0.978883 0.962133
866 0.026490 0.977343 0.960674
867 0.025934 0.978769 0.962406
868 0.025609 0.979450 0.963237
869 0.025213 0.977701 0.961696
870 0.025660 0.978029 0.961814
871 0.025877 0.977762 0.961507
872 0.027128 0.974721 0.958038
873 0.028813 0.970711 0.953293
874 0.047960 0.939328 0.915182
875 0.129849 0.847776 0.800532
876 0.123310 0.852691 0.805675
877 0.083363 0.909814 0.872535
878 0.053949 0.945352 0.916868
879 0.042586 0.960059 0.936089
880 0.037210 0.969165 0.947522
881 0.034004 0.971949 0.951776
882 0.031949 0.974238 0.954941
883 0.030288 0.975469 0.956938
884 0.029669 0.973895 0.955654
885 0.028325 0.977679 0.960140
886 0.027585 0.977185 0.959975
887 0.027367 0.977784 0.960728
888 0.026536 0.977851 0.961159
889 0.026411 0.977348 0.960820
890 0.025896 0.977136 0.960777
891 0.025527 0.978855 0.962694
892 0.025266 0.977679 0.961651
893 0.025260 0.978617 0.962646
894 0.024689 0.978552 0.962827
895 0.024462 0.979452 0.963883
896 0.024096 0.978802 0.963392
897 0.024034 0.979161 0.963762
898 0.023715 0.980609 0.965407
899 0.023648 0.979136 0.963968
900 0.024001 0.978931 0.963596
901 0.023952 0.978444 0.963153
902 0.024103 0.978223 0.962871
903 0.024437 0.976217 0.960715
904 0.024302 0.977764 0.962262
905 0.024078 0.978480 0.963161
906 0.023718 0.978359 0.963183
907 0.023494 0.977355 0.962316
908 0.025663 0.974716 0.958682
909 0.091719 0.898533 0.864608
910 0.231785 0.771160 0.707219
911 0.131664 0.860550 0.811323
912 0.089355 0.901383 0.861772
913 0.063438 0.935150 0.903330
914 0.051427 0.952198 0.924808
915 0.044410 0.959944 0.935317
916 0.039648 0.965925 0.943318
917 0.036479 0.967607 0.946303
918 0.034963 0.969039 0.948449
919 0.032916 0.972307 0.952609
920 0.031289 0.972190 0.953247
921 0.030242 0.975512 0.957082
922 0.029140 0.974641 0.956717
923 0.028036 0.976290 0.958885
924 0.027888 0.974908 0.957593
925 0.027507 0.975865 0.958748
926 0.026547 0.978237 0.961602
927 0.026276 0.976843 0.960398
928 0.026688 0.975119 0.958407
929 0.025880 0.976044 0.959725
930 0.025428 0.978197 0.962119
931 0.024829 0.978936 0.963173
932 0.024725 0.977973 0.962267
933 0.024554 0.978017 0.962431
934 0.024320 0.978641 0.963146
935 0.024132 0.978206 0.962790
936 0.024011 0.978157 0.962808
937 0.024643 0.977622 0.961996
938 0.024401 0.977559 0.962055
939 0.023952 0.977185 0.961894
940 0.023579 0.978946 0.963845
941 0.023640 0.978750 0.963645
942 0.025110 0.975074 0.959398
943 0.081976 0.891833 0.857864
944 0.157984 0.823159 0.769961
945 0.102444 0.882184 0.839551
946 0.071358 0.923081 0.889333
947 0.055762 0.938116 0.909112
948 0.042688 0.959617 0.935597
949 0.036560 0.969812 0.948384
950 0.033878 0.972510 0.952320
951 0.031984 0.972607 0.953264
952 0.030092 0.974775 0.956367
953 0.028970 0.975982 0.958098
954 0.028080 0.975517 0.958119
955 0.026542 0.977847 0.961135
956 0.025906 0.978873 0.962538
957 0.025827 0.977256 0.960957
958 0.024911 0.978121 0.962268
959 0.024606 0.978468 0.962779
960 0.024327 0.979015 0.963496
961 0.023717 0.979208 0.963991
962 0.024178 0.979315 0.963887
963 0.023794 0.979904 0.964698
964 0.023155 0.980512 0.965586
965 0.023233 0.980103 0.965190
966 0.023463 0.979720 0.964662
967 0.023045 0.980150 0.965328
968 0.022911 0.979985 0.965250
969 0.022566 0.979863 0.965326
970 0.022567 0.980324 0.965711
971 0.022238 0.980460 0.966034
972 0.022133 0.980896 0.966576
973 0.022934 0.977448 0.962714
974 0.022705 0.977951 0.963256
975 0.031384 0.962539 0.943974
976 0.126554 0.860551 0.818365
977 0.205392 0.790230 0.729622
978 0.110187 0.877168 0.832619
979 0.069719 0.926997 0.893099
980 0.057228 0.939114 0.909655
981 0.049003 0.952603 0.926111
982 0.044688 0.958175 0.933480
983 0.037772 0.968024 0.946179
984 0.034405 0.972931 0.952553
985 0.032513 0.972496 0.953001
986 0.030798 0.975001 0.956256
987 0.029844 0.976383 0.958123
988 0.028375 0.975780 0.958220
989 0.027539 0.976719 0.959584
990 0.027168 0.976385 0.959413
991 0.026232 0.978747 0.962289
992 0.025416 0.977669 0.961551
993 0.025638 0.977328 0.961169
994 0.026493 0.976310 0.959742
995 0.025480 0.977780 0.961689
996 0.024174 0.979854 0.964382
997 0.024118 0.979107 0.963711
998 0.024119 0.977758 0.962389
999 0.024025 0.979078 0.963715
1000 0.023551 0.979760 0.964664
1001 0.023482 0.978759 0.963709
1002 0.022605 0.980914 0.966308
